    fMHz       8       9      10      22      23      24      25      26      27      28      29      30      38      39      40      41      42      43      44      45      46      47      48      55      56      57      58      59      60      61      62      63      64      65      73      74      75      76      77      78      79      80      81      91      92      93      94      95      96      97     109     110     111     112     113     127     128     129     145
    
       8    1018    1028    1042   980.3   976.2   976.5   981.2     990    1003    1021    1043    1070   962.1   952.4   947.5   946.9   950.6   958.5   970.8   987.5    1009    1035    1066   940.6   930.2   924.3   922.8   925.5   932.5   943.8   959.3   979.5    1005    1035     913   906.1   903.8   905.6   911.6   921.8   936.5   955.6   979.5   892.9   889.5   890.4   895.4   904.7   918.3   936.5   879.8   879.7   883.7     892   904.7   873.4   876.4   883.7   873.4
       9   908.8   919.8   935.9   869.3   864.6     865   870.2   880.4   895.3     915   940.1   970.3     850   839.4   833.9   833.4   837.6   846.7   860.4     879   902.6   931.6   966.2   826.7   815.3     809   807.4   810.6   818.5   831.1   848.5   870.9   898.5   931.6   796.7   789.4   786.7   788.9   795.7   807.2   823.4   844.5   870.9     775   771.4   772.4     778   788.4   803.4   823.4   760.9   760.8   765.3   774.4   788.4   753.8   757.3   765.3   753.8
      10   826.5   838.5   855.8   788.2   783.2   783.5   789.2   799.9     816   837.4   864.2   896.7   769.6   758.4   752.5     752   756.5   766.2   780.9   800.9   826.2   856.9   893.2   745.8   733.8   727.1   725.5     729   737.5     751   769.6   793.3   822.3   856.9   714.7   706.9   704.4   706.8   714.1   726.3   743.5   765.7   793.3   692.1   688.5   689.6   695.7   706.6   722.5   743.5   677.6   677.5   682.4     692   706.6   670.4     674   682.4   670.4
      11   757.8   770.5   788.6   722.6   717.3   717.4   723.4   734.3   751.1   773.6   801.4   835.2   706.2   694.7   688.5   687.9   692.4   702.4   717.6   738.3   764.5   795.9   832.6   683.3   671.2   664.2   662.6   666.2   674.9   688.7   707.8   731.9   761.2   795.9   652.7   644.8   642.5   644.9   652.3   664.7   682.1   704.4   731.9   630.5     627   628.2   634.4   645.2   661.2   682.1   616.4   616.3   621.3   630.9   645.2   609.5     613   621.3   609.5
      12   699.3   712.2   730.8   668.2   662.6   662.5   668.5   679.6   696.7   719.6   747.8     782   654.8   643.2   636.9   636.1   640.6   650.5   665.8   686.7     713   744.3   780.5   633.9     622   615.2   613.5   616.9   625.5   639.2   658.1   681.8   710.6   744.3   605.2   597.7   595.5   597.7   604.9   616.9   633.8   655.4   681.8   584.7   581.4   582.5   588.5   598.8     614   633.8   571.7   571.7   576.4   585.4   598.8   565.4   568.7   576.4   565.4
      13   649.6   662.6   681.4   622.9   617.3   617.1   622.9     634     651   673.8     702   735.9   612.8   601.6   595.4   594.5   598.8   608.4   623.5     644   669.7   700.3   735.5   594.5   583.4     577   575.3   578.5   586.6   599.8   617.9   640.7   668.3   700.3   568.9   562.1     560   562.1   568.8     580   595.8     616   640.7     551   548.1   549.2   554.6     564   577.8   595.8   539.9     540   544.1   552.1     564   534.6   537.4   544.1   534.6
      14   607.7   620.5   639.2     585   579.6   579.4     585   595.9   612.5   634.8   662.5   695.5   577.7   567.3   561.5   560.7   564.8   573.9   588.3     608   632.7   662.2     696   562.2   552.3   546.5   545.1     548   555.5   567.7   584.7   606.1   632.2   662.2   540.4   534.7   532.9   534.8   540.7   550.8   565.1   583.5   606.1   525.9   523.6   524.7   529.3   537.3   549.3   565.1   517.3   517.6   520.9   527.5   537.3   513.4   515.6   520.9   513.4
      15   572.4   584.9   603.2   552.6   547.7   547.7   553.1   563.7   579.7   601.1   627.9   659.8   546.9   537.8   532.8   532.3   536.2   544.8   558.3   576.8   600.2   628.4   660.7     534   525.7     521     520   522.6   529.4   540.4   555.9   575.7   600.1   628.4   516.4   512.1   510.8   512.5   517.6   526.3   538.7   555.2   575.7   505.9   504.4   505.4   509.1   515.5   525.4   538.7   500.4   500.8   503.2     508   515.5   498.2   499.7   503.2   498.2
      16   542.6   554.7   572.4   523.9   520.1   520.5   525.8     536   551.1   571.4     597   627.5   518.3   511.1   507.3   507.4   511.2   519.1   531.5   548.6   570.5   597.4   628.4   507.4   501.1   497.8   497.5     500     506   515.6   529.4   547.5   570.4   597.4   494.2   491.5     491   492.6   496.8   503.9   514.3   528.8   547.5   487.9   487.5   488.5   491.1   495.8   503.4   514.3   486.1   486.6     488   490.7   495.8     486   486.5     488     486
      17   517.4     529   545.9   498.3   495.9     497   502.3   511.8   525.9   544.9   569.1   598.3   491.7   486.5   484.3   485.3   489.1   496.3   507.4     523   543.3   568.8   598.8   482.2   478.1   476.6   477.2   479.7   484.7   492.9   504.9   521.3   542.7   568.8   473.3   472.5     473   474.6   477.8   483.2   491.6   504.2   521.3   471.5   472.3   473.3   474.9   477.6   482.8   491.6   473.5   474.3   474.5   475.1   477.6   475.7   475.2   474.5   475.7
      18   495.8   506.8   522.8   475.3   474.4   476.4   481.7   490.6   503.7   521.3   544.1   571.8     467   464.2   463.7   465.6   469.4   475.9   485.8   499.7   518.5   542.7   571.8   458.8   456.9   457.2   458.9   461.5   465.6   472.2   482.4   497.2   517.3   542.7     454   455.1   456.8   458.5   460.7   464.3   470.7   481.4   497.2   456.6   458.6   459.8   460.3   461.1   464.1   470.7   462.4   463.4   462.6   461.1   461.1   466.9   465.5   462.6   466.9
      19   476.8   487.4   502.4   454.4   455.2   458.1   463.5   471.8   483.7     500   521.3   547.7   444.5   443.9   445.1     448   451.9   457.7   466.3   478.7     496   519.1   547.3   437.4   437.7   439.9   442.6   445.3   448.6   453.7   462.1   475.3   494.3   519.1   436.6   439.6   442.4   444.2   445.6   447.4   451.9   460.8   475.3   443.2   446.6   447.8   447.4   446.5   447.3   451.9   452.6   453.9   452.1   448.8   446.5   459.2   456.9   452.1   459.2
      20   459.6   469.7   483.7     435   437.5   441.3   446.8   454.5   465.5   480.6   500.6   525.8   424.2   425.5   428.3   432.1   436.2   441.3   448.7   459.7   475.8   497.8   525.2   418.5   420.7   424.5   428.2   431.1   433.6   437.3   444.1   455.9   473.7   497.8   421.3   425.9   429.9   431.9   432.4   432.7   435.4   442.6   455.9   431.4     436   437.5   436.3   433.8   432.6   435.4   443.7   445.3   442.9     438   433.8     452   449.1   442.9     452
      21   443.3     453   466.1   416.9   420.8   425.5   431.2   438.3   448.5   462.6   481.5   505.7   406.2     409   413.1   417.7   421.9   426.4   432.8   442.7   457.7   478.8   505.4   402.2   405.9   411.1   415.6   418.7   420.5     423   428.4   438.9   455.6   478.8   408.2   414.2   419.2   421.5   421.2   420.2   421.3   426.9   438.9   421.2   426.8   428.6   426.8   423.1   420.2   421.3   435.6   437.5   434.8   428.8   423.1     445   441.8   434.8     445
      22   427.8   437.2   449.5   399.9   405.2   410.6   416.4   423.2   432.7   445.9     464   487.4   390.3   394.1   399.3   404.6   408.9   412.9   418.4   427.3   441.5   461.9   487.6   388.2   393.1   399.3   404.6   407.8   409.1   410.5   414.7   424.1   439.8   461.9     397   404.2   410.1   412.6   411.7   409.6   409.3   413.4   424.1   412.3   418.9     421   418.8   414.1   409.8   409.3   428.2   430.5   427.6     421   414.1   438.1     435   427.6   438.1
      23     413   422.1   433.7   384.2   390.6   396.7   402.7   409.2   418.1   430.5     448   470.5     376   380.7   386.8   392.6   397.1   400.7   405.4   413.5   426.9   446.6   471.4   375.9   381.9     389   394.8   398.1   399.1   399.6   402.7     411   425.6   446.6   387.3   395.6   402.1   404.9   403.6   400.6     399   401.7     411   404.7   411.9   414.4     412   406.6   401.2     399   421.5     424   421.3   414.5   406.6   431.4   428.6   421.3   431.4
      24   398.8   407.7   418.8   369.9   377.2   383.9   390.1   396.3   404.7   416.5   433.3   455.1   363.1   368.6   375.4   381.8   386.4   389.6   393.6     401   413.7   432.7   456.5   364.9   371.8   379.6     386   389.4   390.1   389.8     392   399.2   412.9   432.7   378.9   387.9     395     398   396.4   392.7   390.1   391.4   399.2   398.1   405.7   408.5   406.1   400.3   393.8   390.1   415.3   418.1   415.6   408.9   400.3     425   422.6   415.6     425
      25   385.1     394   404.8   357.1   365.1   372.3   378.6   384.6   392.6   403.8     420   440.9   351.1   357.5   365.1   371.9   376.6   379.6     383   389.7   401.6   419.8   442.6   354.7   362.5   370.9   377.7   381.3   381.8     381   382.2   388.4     401   419.8   371.4     381   388.3   391.5   389.9   385.8   382.1     382   388.4   392.4   400.1     403   400.8   394.8   387.4   382.1   409.8   412.6   410.6   404.1   394.8   418.8     417   410.6   418.8
      26     372   380.9   391.6   345.7   354.3   361.8   368.2   374.1   381.7   392.4   407.9   427.8   339.8   347.3   355.7   362.9   367.7   370.5   373.4   379.3   390.3   407.6   429.4   344.9   353.7   362.6   369.8   373.6     374   372.8   373.1   378.1   389.7   407.6   364.4   374.5   381.8   385.1   383.8   379.4   374.7   373.2   378.1   387.3   394.8   397.7     396     390   381.7   374.7   404.8   407.5     406   399.9     390     413   411.7     406     413
      27   359.6   368.8   379.4   335.5   344.5   352.3   358.8   364.6   371.9     382   396.8   415.6   329.1   337.8     347   354.6   359.5   362.2   364.6   369.7   379.8   396.1   416.8   335.4   345.3   354.8   362.2   366.3   366.7   365.2   364.5   368.4   378.9   396.1     358   368.3   375.5     379     378   373.5   367.8   364.9   368.4   382.8   389.9   392.7   391.4   385.6   376.5   367.8   400.2   402.8   401.8   396.1   385.6   407.6   406.8   401.8   407.6
      28   348.4   357.7   368.2   325.9   335.4   343.5   350.2     356   362.8   372.4   386.5   404.2   318.9   328.9   338.8   346.7   351.8   354.4   356.5   360.8   369.9   385.3     405   326.4   337.4   347.5   355.1   359.4   359.9   358.2   356.6   359.3   368.8   385.3   351.9   362.6   369.6   373.1   372.6   368.1   361.5   357.2   359.3   378.5   385.2   387.9   387.2   381.6   371.9   361.5     396   398.3   397.8   392.6   381.6   402.5   402.2   397.8   402.5
      29   338.7     348   358.4   316.7   326.7   335.2     342   347.8   354.2   363.3   376.7   393.4   309.3   320.4   330.9   339.2   344.4     347   348.8   352.4   360.7   375.1   393.8     318   330.2   340.8   348.5     353   353.7   351.7   349.3   350.8   359.3   375.1   346.2   357.3   364.1   367.7   367.6   363.2   355.8   350.1   350.8   374.4   380.7   383.3   383.1   377.9   367.6   355.8   391.9     394   393.9   389.2   377.9     398   397.9   393.9     398
      30   330.7   339.9   349.9   307.3     318     327   334.1   339.9     346   354.6   367.3   382.9   300.1   312.2   323.2   331.7   337.1   339.9   341.5   344.4     352   365.6   383.3   310.2   323.6   334.8   342.6   347.1     348   345.9   342.7     343   350.5   365.6   340.9   352.5   359.3   362.9   363.2   358.8   350.6   343.6     343   370.3   376.5     379   379.2   374.3   363.6   350.6   387.9   389.9     390   385.6   374.3   393.9   393.8     390   393.9
      31   324.5   333.4   342.8   297.5   309.1   318.8   326.3   332.1   337.9     346     358   372.7   291.4   304.2   315.5   324.2   329.8   332.9   334.4   336.8   343.8   356.8   373.5   303.1   317.7   329.5   337.3   341.8   342.9   340.6   336.7   335.9   342.5   356.8   335.9   348.2   355.2   358.8   359.3   354.8     346   337.8   335.9     366   372.4     375   375.4   370.7   359.9     346   383.9   385.9     386   381.8   370.7   390.3     390     386   390.3
      32   318.9   327.5   336.1   287.5   300.1   310.7   318.6   324.4   329.9   337.6     349   362.9     283   296.4     308   316.8   322.7     326   327.5   329.5     336   348.5   364.4   296.6   312.4   324.8   332.6     337   338.3   335.8   331.2   329.4   335.1   348.5   331.1   344.3   351.6   355.2   355.8   351.3   341.8   332.6   329.4   361.7   368.6   371.3   371.7   367.2   356.4   341.8   379.8   382.1   381.9   377.9   367.2   387.2   386.4   381.9   387.2
      33   312.2   320.7   328.8   277.8   291.3   302.6     311     317   322.2   329.6   340.4   353.5   275.1     289   300.9   309.9   316.1   319.7     321   322.6   328.7   340.8   355.8   290.6   307.3   320.4   328.2   332.6     334   331.4   326.2   323.5   328.2   340.8   326.7   340.6   348.4   352.1   352.6     348   338.1   327.9   323.5   357.4   364.9   367.8   368.2   363.8   353.1   338.1   375.9   378.4   377.9   373.9   363.8   384.3   382.9   377.9   384.3
      34     303   311.7   319.8   268.6   282.9   294.8   303.6   309.8     315   322.1   332.5   344.7   267.6   282.2   294.5   303.7   310.2   313.9   315.1   316.3   321.9   333.5   347.7   284.7   302.3   315.9     324   328.4     330   327.2   321.5   317.9   321.7   333.5   322.5     337   345.3   349.1   349.5   344.8   334.7   323.6   317.9   353.3   361.4   364.7   364.8   360.5   350.1   334.7     372   374.9     374   369.9   360.5   381.6   379.7     374   381.6
      35   289.6   299.2     308   260.5   275.2   287.3   296.5     303   308.3   315.3   325.3   336.7   260.4   276.1   289.1   298.6   305.2   308.9   309.9   310.5   315.5   326.6   339.9   278.9   297.1   311.3   319.8   324.3     326   323.1     317   312.6   315.5   326.6   318.5   333.2   342.1   346.1   346.4   341.8   331.6   319.6   312.6   349.4   358.2   361.8   361.6   357.3   347.4   331.6   368.3   371.7   370.3   366.1   357.3   378.9   376.5   370.3   378.9
      36   271.1   282.2   292.6   253.5   268.1   280.1   289.5   296.5   302.2   309.3     319   329.4   253.5   270.7   284.7   294.6   301.3   304.8   305.4   305.3   309.6   319.9   332.4     273   291.5   306.3   315.5   320.3     322   319.1   312.6   307.5   309.5   319.9   314.7   329.2   338.7     343   343.2   338.8   328.7   315.9   307.5   345.9   355.2   359.1   358.6   354.3   344.9   328.7   364.8   368.7   366.9   362.5   354.3   376.2   373.4   366.9   376.2
      37   248.7   261.7   274.2   246.6   260.8   272.3     282   289.6     296   303.3   312.9   322.4   246.8   265.6   280.7   291.1   297.8   301.1   301.3   300.6   303.9   313.5   325.1   267.2   285.8   301.1   311.1   316.4     318   315.1   308.5   302.6   303.6   313.5   311.1   325.1     335   339.7   339.8   335.7   325.9   312.4   302.6   342.6   352.2   356.6   355.7   351.4   342.5   325.9   361.5   365.9   363.7   359.2   351.4   373.4   370.5   363.7   373.4
      38     224   239.1   253.9   238.5     252   263.2   273.1   281.6   288.9   296.8   306.5   315.2   240.2   260.2   276.3   287.2     294   297.2   297.1     296   298.6   307.3     318   261.5   280.4   296.1     307   312.6   314.3   311.4   304.5   297.9     298   307.3   307.4     321   331.3   336.5   336.5   332.7   323.2   309.1   297.9   339.4   349.1   353.9   352.9   348.6   340.2   323.2   358.4   363.2   360.9   356.1   348.6   370.6   367.7   360.9   370.6
      39   198.9   215.8   232.6   227.8   240.8   251.7   262.1   271.7   280.2     289   299.1   307.2   233.3   254.2   270.8   282.1   289.1   292.5   292.6   291.3   293.3   301.4   310.9   256.1   275.4   291.5   303.1   309.3   310.8   308.1   300.9   293.5   292.7   301.4   303.7   316.9   327.7   333.4   333.4   329.8   320.6   305.9   293.5   336.2   345.9   351.1   349.9   345.7   337.7   320.6   355.5   360.5   358.2   353.2   345.7   367.6     365   358.2   367.6
      40   175.1   193.2   211.2   213.4   225.9   236.9   248.1   259.1   269.1     279   289.9   297.8   226.2   246.9   263.4   274.9   282.4   286.4   287.2   286.2     288   295.6   303.9   251.1   271.3   287.6   299.7   306.3   307.8   305.1   297.7   289.5   287.8   295.6   299.7   313.1   324.2   330.4   330.4     327   318.1   302.8   289.5   332.8   342.3   347.8   346.8   342.7   335.1   318.1   352.7   357.7   355.7   350.5   342.7   364.6   362.4   355.7   364.6
      41     154   172.6   190.7   194.4   206.8   218.4   230.8   243.3   255.1   266.5   278.5   286.6   218.6   237.9   253.5     265   273.3   278.5   280.6   280.6   282.6     290   296.8   246.6   268.2   284.6   296.8   303.7   305.2   302.6   294.9   285.8   283.2     290   295.4   309.6     321   327.6   327.7   324.3   315.6   299.8   285.8   329.1   338.3     344   343.4   339.6   332.2   315.6     350   354.8   353.4     348   339.6   361.5     360   353.4   361.5
      42   135.9   154.3   171.6   172.3   184.7   197.5   211.2   225.5   239.1   252.1   265.4     274     210   227.3   241.2   252.8     262   268.9   272.9   274.3   276.9   284.3   289.5   242.1   265.3   281.6   293.7   300.9   302.5   300.1   292.3   282.3   278.9   284.3     291   306.3   317.9     325   325.2   321.7   313.2   296.9   282.3   325.1     334     340   339.9   336.3     329   313.2   347.4   351.7   351.1   345.6   336.3   358.3   357.6   351.1   358.3
      43   120.8   138.5   154.4     149   161.8   175.8     191   206.9   222.2   236.7   251.2   260.2   200.2   214.9   227.1   238.7   249.1   257.9     264   267.1   270.6   278.4   281.6   237.3   261.6   277.7   289.5   297.1   299.1   297.2   289.5   278.9   274.7   278.4   286.5     303   314.8   322.1   322.7   319.2   310.8   294.2   278.9   321.1   329.8   335.9   336.4   333.1   325.8   310.8   344.8   348.6   348.8   343.2   333.1   355.1   355.2   348.8   355.1
      44   108.6   125.5   139.7   126.4   139.8   155.2   171.8     189   205.8   221.3   236.6   245.7   188.6   200.8   211.5   223.3     235   245.8   254.1   259.1   263.7   271.9   273.1   231.7   256.4   271.9   283.3   291.5   294.4   293.4   286.2   275.3   270.3   271.9   282.1   299.7   311.4     319     320   316.7   308.4   291.7   275.3   317.1     326   331.9   333.2   329.9   322.5   308.4     342   345.3   346.4   340.7   329.9     352   352.8   346.4     352
      45   99.47   115.4     128   106.6   120.7   137.3   155.1   173.2   190.8   206.8   222.1   230.9   174.9   185.1   194.9   207.1   220.2   232.8   243.2   250.1   255.9   264.6   263.6   224.7   248.5   263.2   274.4   283.4   287.7   288.2   282.2   271.6   265.8   264.6   277.9     296   307.7   315.3   317.2   314.1   306.1   289.5   271.6   313.3   322.8   328.5   330.3     327   319.3   306.1   338.9   341.9   343.7   338.1     327     349   350.1   343.7     349
      46   93.14   108.3   119.5   91.03   105.9   123.5   142.1   160.6   178.3     194   208.4   216.1   158.8   167.9   177.7   190.6   205.1   219.4   231.4   240.1   247.1   256.4   252.9     216   237.4   250.9   262.1   272.3   278.6   281.3   277.1   267.5   260.9   256.4   273.9   291.9   303.4   310.8   313.9   311.4   303.8   287.6   267.5   309.7   320.4   325.7   327.9   324.3   316.3   303.8   335.5   338.4   340.7   335.3   324.3   346.2   347.2   340.7   346.2
      47   89.17   103.8   113.9    79.4   95.17   113.5   132.5     151   168.3   182.9   195.6   201.4   141.3   150.1   160.5   174.6   190.4   205.9   219.4   229.5   237.6   247.2   240.9   205.7   223.5   235.8   247.2   258.7   267.6   272.9   271.1   262.9   255.5   247.2   269.6   286.7     298   305.3   309.8   308.2   301.3   285.7   262.9   306.3   318.4   323.2   325.8   321.8   313.4   301.3   331.9   335.1   337.5   332.3   321.8   343.4     344   337.5   343.4
      48   86.97   101.2   110.3   70.95   87.61   106.5   125.8   143.8   160.3   173.5     184   186.7   123.5   132.6   144.2   159.5   176.5   193.2   207.5   218.8   227.7   237.2   227.4   193.8   207.7   218.7   230.6   243.7   255.2   263.3   264.3   257.7   249.5   237.2   264.1   279.9     291   298.3   304.6   304.2   298.3   283.5   257.7   302.8   316.2   320.8   323.6   319.4   310.7   298.3   328.3   331.9   334.3   329.4   319.4   340.7   340.6   334.3   340.7
      49   85.96   99.75     108   64.94   82.45   101.8   121.1   138.7   154.1   165.7   173.5     172   106.5   116.3   129.4     146   164.1   181.6   196.6   208.5   217.9   226.3   212.1   180.3   190.8   200.9   213.3     228   242.1     253   256.7   251.9   242.7   226.3   256.8     271   281.9   289.4   297.6   299.1   294.7   280.8   251.9   299.1   313.4     318     321   316.9     308   294.7   324.6     329   331.1   326.6   316.9     338   337.1   331.1     338
      50   85.56   98.97   106.4   60.61    78.9    98.7     118   135.1   149.3   159.5   164.4   157.2   91.49   102.3   116.9   134.8   153.8   171.9   187.1   199.2   208.5   214.7   194.8   165.4   173.6   183.3   196.5   212.6     229   242.4   248.6   245.4   235.2   214.7   246.8   259.3   270.1   278.4   288.6   292.4     290   277.2   245.4   295.1   309.4   314.5   317.7   314.4   305.4     290     321   326.7     328   324.1   314.4   335.1   333.3     328   335.1
      51   85.28   98.29   104.9    57.3   76.28   96.56   115.8   132.6   145.7   154.7   156.7   142.4   79.31    91.2   107.2   126.3   145.9   164.4   179.5   191.2   199.8   202.4   175.6   149.3   156.8   166.8   180.9   198.2   216.4   231.8   240.1   238.1   226.8   202.4   233.7   244.5   255.4     265   277.3     284   284.2   272.5   238.1   290.5   303.8     310   313.4   311.6   302.7   284.2   317.6   324.9   325.2   321.9   311.6   332.1   329.4   325.2   332.1
      52   85.06   97.66   103.4   54.77   74.36   95.11   114.3   130.9   143.1     151   149.9   127.8   69.74    82.8   100.1   120.2   140.2   158.9   173.7   184.5   191.7   189.6   155.3   132.6   140.8   151.7   166.8   185.2   204.7   221.4   231.4   230.2   217.5   189.6     218   227.4   238.6   249.9   264.2   274.1   277.3   266.5   230.2   284.6   296.3   304.1   307.9   308.3   299.6   277.3   314.3   323.3   322.5   319.9   308.3     329   325.7   322.5     329
      53   84.92   97.18   102.2   52.87   73.04   94.22   113.4   129.8   141.2   148.1   143.5   113.7   62.29   76.61    95.1     116   136.3   155.1   169.3     179     184   176.4     135   116.1   126.1   138.1   154.4   173.6     194   211.7   222.8   221.9   207.5   176.4   200.5     209   220.7   233.8   250.2   263.4   269.4   259.5   221.9     277   286.8   296.4   301.1   304.2   295.8   269.4   310.9   321.3   319.8   317.8   304.2   325.9   322.2   319.8   325.9
      54   84.89    96.9   101.4   51.45    72.2    93.7     113   129.2     140   145.5   137.1   100.4   56.48   72.15   91.66   113.3   133.8   152.4   166.1   174.4   176.6     163   115.6   100.6   112.8   126.3   143.9   163.8   184.8     203   214.7   213.4   196.8     163     182   190.3   202.6   217.7   235.9   252.1   260.6   251.3   213.4   266.9   275.2   286.7   292.7   298.8   290.9   260.6   307.1   318.5   316.8   315.2   298.8   322.9   319.3   316.8   322.9
      55   85.02   96.91     101   50.37   71.74   93.42   112.9   128.9   139.2     143   130.1   88.22    51.8   68.94   89.33   111.4   132.3   150.6   163.7   170.5   169.2   149.4   98.29   86.92   101.5   116.5   135.3   155.9   177.2   195.6   207.4     205   185.6   149.4   163.4   172.3   185.4   202.3     222   240.8   251.2   242.1     205   253.6   261.3   274.6   282.7   291.9   284.5   251.2   302.8   314.4   313.4     312   291.9   320.1   317.3   313.4   320.1
      56   85.33   97.26   101.2   49.48   71.54   93.25   113.1   128.7   138.7   140.2   122.2   77.36   47.84   66.54    87.7     110   131.4   149.3   161.9   167.2   161.8   135.9   83.76   75.55   92.26   108.7   128.7     150   171.4   189.7     201   196.8     174   135.9   145.3   155.9     170   188.3   209.3   229.9   241.2   231.8   196.8   236.8   245.2   259.9   270.9   283.2   276.3   241.2   297.7   308.5   309.4   307.8   283.2   317.5   316.2   309.4   317.5
      57   85.85   97.93   101.6   48.72   71.51   93.22   113.4   128.7   138.3   136.9   113.6   67.91   44.46   64.66   86.59   109.1   130.9   148.4   160.5   164.3   154.2     123   72.02   66.34   84.87   102.7     124   145.8   167.2   185.1   195.5   188.8   162.2     123   128.3   141.2   156.4     176   197.8   219.6   230.9   220.9   188.8   217.5   227.5   243.5   257.9     273   266.5   230.9   291.4   300.8   304.5   302.4     273   314.9   315.5   304.5   314.9
      58   86.62   98.88     102      48   71.56   93.42   113.9   128.7   137.9   133.1   104.8    59.9   41.62   63.09   85.88   108.6   130.7   147.9   159.5   161.6   146.6     111    62.8   58.92   78.94   98.32   120.6   142.9   164.3   181.7   190.6   180.7   150.6     111   112.5   128.4   144.8   165.3   187.8   210.2   220.5   209.7   180.7   196.7   209.2   226.2   244.1   261.6   255.3   220.5     283   291.2   298.4   295.6   261.6     312   314.7   298.4     312
      59   87.67     100   101.9   47.26   71.58   93.91   114.4     129   137.4   128.8   96.19   53.35   39.25   61.58   85.46   108.5   130.8   147.8   158.9   158.7   138.8   100.3   55.84   52.92   74.08   95.19   118.2     141   162.2   179.2   186.2   172.6   139.5   100.3    98.5   117.3   135.1   156.4   179.4   201.6   210.5   198.6   172.6   175.8   191.1     209   230.1   249.2   242.9   210.5   272.1   279.8   290.7   287.1   249.2   308.7   313.1   290.7   308.7
      60   89.02   101.4   101.1   46.43   71.48   94.77     115   129.4   136.7   123.9   88.32    48.3   37.29   59.91    85.2   108.8   130.9     148   158.6   155.5   130.9   91.49   50.88   47.95    69.9   93.07   116.6   139.7   160.7   177.3   182.1   164.3   129.1   91.49    86.5   108.1   127.3   149.4   172.5   194.3     201   187.9   164.3   155.8     174   192.9   216.4   236.3   229.5     201     258   266.4   281.3   276.7   236.3   304.6   310.2   281.3   304.6
      61   90.66   102.8    99.2   45.48   71.18   96.01   115.5     130   135.6   118.3   81.52   44.72   35.69   57.91   84.98   109.5   131.1   148.6   158.5   151.8   122.9   84.82   47.65    43.7   66.08   91.65   115.4   138.6   159.4   175.9   178.1   155.7   119.7   84.82   76.76   100.7   121.3   144.2   167.3   188.2   192.3     178   155.7   137.8   158.7   178.6   203.5   223.1   215.4   192.3   240.4   251.2   269.9   264.2   223.1   299.5   305.4   269.9   299.5
      62   92.38   104.1   96.29    44.5   70.65   97.33   116.2   130.8     134   112.4   75.91   42.44    34.4   55.72   84.57   110.4   131.4   149.5   158.4   147.4   115.2   80.11   45.81   40.07   62.51   90.49   114.4   137.8   158.5   174.7   173.8     147   111.5   80.11   68.96   94.66   116.9   140.6   163.5   183.2   184.3   168.7     147   121.9   145.1   166.2   191.7     210   201.1   184.3   220.2   234.8   256.7   249.9     210   293.4   298.6   256.7   293.4
      63   93.92     105   92.53   43.61   69.85   98.39     117   131.6   131.8   106.4   71.55   41.21   33.36   53.54   83.76   111.3   132.2   150.7     158   142.5   108.2   77.06   45.01   37.01   59.16   89.12   113.7   137.2   157.8   173.6     169   138.3   104.6   77.06   62.66    89.6   113.6   137.9   160.9   179.1   176.7   159.9   138.3   107.9   133.2   155.3   181.1   197.2   187.2   176.7   198.9     218   242.2     234   197.2   286.2   289.9   242.2   286.2
      64   94.99   105.1   88.06   42.95   68.77   98.83   118.1   132.5     129   100.6   68.49   40.81   32.52   51.57   82.29     112   133.4     152   157.1     137   102.1   75.38    44.9   34.48   55.98   87.09   113.2     137   157.6   172.4   163.4     130   99.23   75.38   57.41   85.03     111   135.8   159.1   175.7   169.6   151.3     130   95.81   122.8   145.9   171.8   184.9   174.3   169.6   177.7   201.4   226.7   216.8   184.9   277.8     279   226.7   277.8
      65   95.35   104.1      83   42.65   67.38   98.28   119.6   133.2   125.5   95.48   66.78      41   31.82   50.04   79.95   112.2   135.4   153.6   155.4   130.8   97.56   74.75   45.14   32.43   52.92   83.91   112.9   137.2   157.8     171   156.6   122.1   95.42   74.75   52.76   80.49   108.8   133.9   157.9   172.6   162.6   142.7   122.1   85.43   113.8   137.7     164   173.5   163.1   162.6   157.9   185.8   210.7   198.6   173.5   268.1   266.1   210.7   268.1
      66   94.77   101.9   77.54   42.77   65.72   96.54   121.5   133.7   121.2   91.16   66.41   41.58   31.21   49.08   76.66   111.8   138.1   155.2   152.7   124.1   94.68    74.9   45.44   30.82   49.97   79.35   112.6   137.8   158.6   169.1   148.5     115   93.27    74.9   48.36   75.65   106.6   131.8     157   169.7   155.6     134     115   76.66     106   130.6   157.8   163.1   153.9   155.6   140.7   171.8   194.5   179.8   163.1   257.1     251   194.5   257.1
      67   93.25   98.48   71.99   43.15   64.05   93.95   123.1   133.7   116.4   87.75    67.1   42.41   30.64    48.6   73.01   110.3   140.7   156.5   148.8   117.2   93.29   75.68   45.81   29.56   47.23   74.02   111.6   138.5   159.7   166.4   139.4   108.8   92.55   75.68   44.23   70.63     104   129.8   156.6   166.6   148.4   125.2   108.8   69.34   99.32     125   152.9   153.8   146.4   148.4   126.1   159.5   178.2   161.2   153.8   244.5   233.4   178.2   244.5
      68   90.81   94.02   66.68   43.55   62.73   91.02   123.7   132.6   111.1   85.29   68.47   43.37   30.05   48.45   69.76   107.5   142.3     157   143.8   110.8   93.06   76.97   46.32   28.57   44.83   68.78   109.2   138.9   161.1   162.5   129.8   103.7   92.92   76.97    40.5   65.69   100.9   128.3   156.9   162.9   140.8   116.7   103.7   63.28   93.77   121.4     149   145.5   139.9   140.8   113.9   148.8     162   143.8   145.5   229.9     213     162   229.9
      69   87.48   88.67   61.96   43.77   62.08   88.24   122.4   130.1   105.8   83.78   70.17   44.35   29.41   48.48   67.66   103.1   141.8   156.2   137.7   105.4   93.64   78.64   47.04   27.77   42.89   64.47   104.5   138.8   162.5   157.1   120.1   100.1   94.07   78.64   37.29   61.06   96.94   127.9   158.3   158.3   132.4   108.6   100.1   58.31   89.25   120.2   145.7   138.1   133.9   132.4     104   139.7   145.9   128.7   138.1   213.1   189.2   145.9   213.1
      70    83.3   82.57   58.17   43.57   62.44   86.09   118.4   125.8   100.6   83.27   71.85   45.22   28.65   48.54   67.47   96.56   138.2   153.7   130.3   101.6   94.71   80.57   48.05   27.06   41.54   61.94   96.98   137.7   163.9   149.8   110.8   98.04   95.67   80.57   34.72   56.99   91.85     129   160.9   152.2     123   101.1   98.04   54.25   85.73   121.9   142.7   131.5   127.9     123   96.13   132.1   130.2   116.7   131.5   193.8   161.8   130.2   193.8
      71   79.95   75.91   55.42   42.89   63.84   86.03   112.4   119.3    95.7   83.66   73.25   45.81   27.81   48.33   69.66   90.68     131   148.5   121.8   99.57      96   82.69   49.41   26.46   40.58   62.16    88.7   134.9   163.5   140.1   102.4   97.57   97.48   82.69   32.83    54.1   87.38   131.9   162.9   144.3   112.6   94.87   97.57   51.04   84.17   126.4     139   125.5   121.1   112.6   90.47     125   115.2   108.3   125.5   170.4   131.3   115.2   170.4
      72   84.51   69.41   52.92   42.27   65.13   91.04   110.3   111.4   91.52    84.6   74.72   46.14    27.1   47.31   73.02   95.25   123.8     139   112.6   98.39    97.5   85.09   51.12   26.22      39   65.33   90.56   129.9   155.9   127.4   95.41   97.73   99.51   85.09   31.47   53.32   89.91   134.4   156.3   133.7   101.6   91.01   97.73   48.72   86.63   128.8   131.5     119   112.6   101.6   86.82   114.2   102.2   101.6     119   137.1   102.4   102.2   137.1
      73   98.52   67.59   50.06   42.17   65.25   96.68   115.3   103.6   87.68   85.88   77.12   47.54   26.43   46.02   74.56   103.8   125.1   128.3   103.5   97.72    99.2    87.8   53.08   26.12   37.15   67.25   99.57   127.9   143.8   112.3   89.87   98.12   101.8    87.8   30.81      52   94.04   129.2     142   119.5   90.15   87.75   98.12   46.31   86.57   120.4   119.7   110.5   102.5   90.15   80.53   97.53   90.63   94.07   110.5   93.53   80.38   90.63   93.53
      74     112   79.01   54.36   43.31    64.5   99.15   123.5   95.73   82.28   88.43   81.82   50.46   25.84   44.51   73.52   109.1   127.7   115.1   92.89   97.24   101.8   91.56   55.93   25.79   34.88   65.18   103.7   125.5     128   94.31   84.73   98.66   105.1   91.56   30.61   48.55   92.35   119.7   124.3   101.1   78.68   84.54   98.66   42.81      80   103.5   102.6   98.74   90.32   78.68   62.41   73.49   76.84   84.42   98.74   56.08   65.31   76.84   56.08
      75   113.9    90.1   81.27   47.08   64.74   95.69   132.3   99.19   91.67   103.4   96.44   57.96   24.85   42.14   68.45   107.9   133.7   88.94   71.53   96.61   106.5   98.07   61.47   24.58   31.94   57.46   101.9   117.5    95.1   66.22   77.84   99.36   110.1   98.07   30.29   40.43   78.85   97.76   93.56   76.46   66.48   80.86   99.36   31.53   51.76   67.29   77.07   82.68   73.98   66.48   23.33   41.02   59.75   72.39   82.68   38.13   51.52   59.75   38.13
      76   106.3   89.15   92.39   50.73   66.13   86.38   124.2   99.38   105.8   130.1     125   72.94   22.85   38.01   60.21    89.5     130   88.03    81.5   106.4   117.8   110.1   71.91   22.01    27.4   42.49   76.66     108   70.87   50.54    72.5   101.6   117.3   110.1   27.22   25.32   42.56   72.03   70.07   51.91   52.52   75.33   101.6   12.74    16.1   45.33    61.9   63.77   53.65   52.52   11.96   33.14   47.27   57.54   63.77   35.98   41.48   47.27   35.98
      77   93.15   84.73   89.11   48.56   66.08   81.12   111.2   94.26   103.8   125.8   132.2   87.92   20.31    32.1   51.97    79.9   119.1   89.26   90.44   117.3   135.6   133.7   93.64   16.92   19.01   27.82   66.88   112.5   86.27   62.39   78.71   113.3   135.9   133.7   13.83   13.68    44.2   98.25   88.32   39.67    38.5   70.47   113.3   12.55   27.44   72.19   70.65   43.78   28.73    38.5   20.77   47.31   45.72   42.82   43.77   40.02   38.56   45.72   40.02
      78   80.25   80.03   86.27   37.11   59.95   78.41   99.79   88.05   102.2     121   126.1   88.72   13.21   21.01   43.53   80.83   110.4    83.5   90.86   118.1   138.6   147.9   110.5   10.56   6.797   19.57   70.08   113.7   86.93   70.49   91.74   127.2     151   147.9   5.543   15.56   50.89   107.3   96.11   47.97   49.84   82.39   127.2   20.78   36.22   84.18   85.44    41.8   23.85   49.84   29.01   57.72   56.82   47.36    41.8   44.07   44.52   56.82   44.07
      79   68.05   73.83   82.87   27.87   51.32   74.86   88.27   81.32   101.1   117.4   118.9   79.03   9.776   14.15   41.14   80.78   100.8    76.5   90.08   114.7   130.5   132.9   93.42   8.588   9.143   23.97   71.66     109   79.43   69.18   92.32   119.8   133.2   132.9   13.96    22.7   52.68   105.8   90.49   54.97   71.79   99.38   119.8   29.51   41.77   85.84    91.9   61.84   56.46   71.79   38.49   62.89   71.32   76.27   61.84   47.85   53.88   71.32   47.86
      80   57.94   66.58   79.14   26.29   49.16   70.49   76.84   76.99   100.2   113.9     112   70.31    11.4   16.19   41.96   76.35   90.03   71.96   90.21     110   121.6   119.3   79.24   12.19   14.44   27.41   69.19     101   70.59   68.28   93.37   116.2   123.8   119.3    17.7   27.14   53.05   100.3   80.41   58.47   81.28   102.6   116.2   35.21   45.74   83.79   90.91   68.72    68.2   81.28   45.46   64.94   79.31   86.49   68.72   51.04   60.77   79.31   51.04
