       5     5.718e+004       -43 
       6     5.718e+004       -41
       7     5.718e+004       -39 
       8     5.718e+004       -37  
       9     2.854e+004       -35
      10     1.559e+004       -31.28 
      11        9314          -28.25 
      12        6126          -25.18 
      13        4424          -22.03 
      14        3474          -18.79 
      15        2928           -15.6 
      16        2596          -12.91 
      17        2388          -11.47 
      18        2258          -11.38 
      19        2166          -11.93 
      20        2094          -12.56 
      21        2042          -13.07 
      22        1999          -13.43 
      23        1960          -13.65 
      24        1928          -13.76 
      25        1898          -13.78 
      26        1871          -13.74 
      27        1844          -13.63 
      28        1820          -13.47 
      29        1799          -13.28 
      30        1775          -13.05 
      31        1756           -12.8 
      32        1738          -12.52 
      33        1721          -12.22 
      34        1705          -11.91 
      35        1688          -11.58 
      36        1676          -11.24 
      37        1663          -10.88 
      38        1653          -10.52 
      39        1641          -10.14 
      40        1635          -9.756 
      41        1625          -9.365 
      42        1618          -8.966 
      43        1610          -8.561 
      44        1597           -8.15 
      45        1585          -7.735 
      46        1572          -7.315 
      47        1559          -6.893 
      48        1545          -6.469 
      49        1529          -6.044 
      50        1515          -5.621 
      51        1495            -5.2 
      52        1479          -4.785 
      53        1463          -4.376 
      54        1444          -3.978 
      55        1425          -3.594 
      56        1407          -3.226 
      57        1390          -2.878 
      58        1373          -2.555 
      59        1354           -2.26 
      60        1335          -1.995 
      61        1317          -1.765 
      62        1300           -1.57 
      63        1281          -1.412 
      64        1265          -1.289 
      65        1248          -1.201 
      66        1232          -1.143 
      67        1214           -1.11 
      68        1200          -1.094 
      69        1182          -1.084 
      70        1168          -1.065 
      71        1150          -1.017 
      72        1128         -0.9096 
      73        1095           -0.71 
      74        1035         -0.4545 
      75       937.4         -0.5827 
      76       845.2          -1.842 
      77         836          -3.267 
      78       871.6          -4.006 
      79       905.4          -4.354 
      80       925.4          -4.568 
