   5.    .154950E+04    .154952E+04    .150769E-01
   6.    .109494E+04    .109495E+04    .254403E-01
   7.    .815566E+03    .815571E+03    .387799E-01
   8.    .631284E+03    .631285E+03    .550444E-01
   9.    .503154E+03    .503156E+03    .741523E-01
  10.    .410380E+03    .410380E+03    .951300E-01
  11.    .340985E+03    .340985E+03    .118145E+00
  12.    .287703E+03    .287704E+03    .142511E+00
  13.    .245878E+03    .245878E+03    .167816E+00
  14.    .212425E+03    .212427E+03    .193649E+00
  15.    .185254E+03    .185254E+03    .219634E+00
  16.    .162868E+03    .162868E+03    .245490E+00
  17.    .144206E+03    .144207E+03    .270922E+00
  18.    .128484E+03    .128485E+03    .295771E+00
  19.    .115109E+03    .115109E+03    .319883E+00
  20.    .103638E+03    .103638E+03    .343131E+00
  21.    .937242E+02    .937244E+02    .365458E+00
  22.    .850975E+02    .850975E+02    .386818E+00
  23.    .775441E+02    .775443E+02    .407174E+00
  24.    .708900E+02    .708911E+02    .426540E+00
  25.    .650012E+02    .650013E+02    .444913E+00
  26.    .597621E+02    .597630E+02    .462302E+00
  27.    .550825E+02    .550832E+02    .478744E+00
  28.    .508831E+02    .508837E+02    .494281E+00
  29.    .471025E+02    .471030E+02    .508925E+00
  30.    .436840E+02    .436842E+02    .522746E+00
  31.    .405872E+02    .405874E+02    .535726E+00
  32.    .377687E+02    .377688E+02    .547960E+00
  33.    .351994E+02    .351995E+02    .559442E+00
  34.    .328479E+02    .328480E+02    .570263E+00
  35.    .306929E+02    .306930E+02    .580404E+00
  36.    .287117E+02    .287117E+02    .589932E+00
  37.    .268869E+02    .268869E+02    .598865E+00
  38.    .252026E+02    .252026E+02    .607236E+00
  39.    .236443E+02    .236446E+02    .615090E+00
  40.    .222006E+02    .222006E+02    .622442E+00
  41.    .208596E+02    .208621E+02    .629330E+00
  42.    .196132E+02    .196447E+02    .635772E+00
  43.    .184519E+02    .185404E+02    .641791E+00
  44.    .173683E+02    .175363E+02    .647435E+00
  45.    .163565E+02    .166220E+02    .652682E+00
  46.    .154096E+02    .157872E+02    .657588E+00
  47.    .145229E+02    .150239E+02    .662153E+00
  48.    .136909E+02    .143245E+02    .666413E+00
  49.    .129098E+02    .136826E+02    .670376E+00
  50.    .121755E+02    .130919E+02    .674066E+00
  51.    .114846E+02    .125492E+02    .677478E+00
  52.    .108333E+02    .120473E+02    .680672E+00
  53.    .102192E+02    .115846E+02    .683630E+00
  54.    .963958E+01    .111569E+02    .686371E+00
  55.    .909172E+01    .107605E+02    .688925E+00
  56.    .857361E+01    .103929E+02    .691291E+00
  57.    .808308E+01    .100516E+02    .693492E+00
  58.    .761800E+01    .973413E+01    .695559E+00
  59.    .717660E+01    .943838E+01    .697514E+00
  60.    .675743E+01    .916273E+01    .699348E+00
  61.    .635854E+01    .890491E+01    .701115E+00
  62.    .597840E+01    .866317E+01    .702833E+00
  63.    .561533E+01    .843750E+01    .704541E+00
  64.    .526760E+01    .822554E+01    .706296E+00
  65.    .493345E+01    .802525E+01    .708124E+00
  66.    .461063E+01    .783487E+01    .710188E+00
  67.    .429663E+01    .765491E+01    .712527E+00
  68.    .398801E+01    .748476E+01    .715231E+00
  69.    .367975E+01    .732226E+01    .718473E+00
  70.    .336441E+01    .716880E+01    .722480E+00
  71.    .302975E+01    .702972E+01    .727517E+00
  72.    .265498E+01    .692044E+01    .733742E+00
  73.    .220469E+01    .688251E+01    .740670E+00
  74.    .163233E+01    .703963E+01    .744634E+00
  75.    .966057E+00    .760901E+01    .732552E+00
  76.    .606210E+00    .847611E+01    .688889E+00
  77.    .959119E+00    .872973E+01    .643314E+00
  78.    .144423E+01    .834283E+01    .626850E+00
  79.    .168399E+01    .791066E+01    .626409E+00
  80.    .174331E+01    .758791E+01    .630012E+00
